% Coding: Male 0, Female 1

mpsex = [0
	 0
	 0
	 0
	 1
	 1
	 1
	 1
	 1
	 0
	 0
	 0
	 0
	 1
	 0
	 1
	 0
	 1
	 0
	 0
	 1
	 1
	 0
	 1
	 0
	 1
	 1
	 1
	 0
	 1
	 0
	 0
	 1
	 1
	 0
	 0
	 1
	 0
	 0
	 1
	 0
	 0
	 1
	 1
	 1
	 1
	 1
	 0
	 1
	 1
	 0
	 0
	 1
	 0
	 0
	 0
	 1
	 0
	 0
	 1
	 1
	 1
	 1
	 1
	 1
	 0
	 1
	 0
	 0
	 1
	 1
	 1
	 0
	 0
	 0
	 0
	 1
	 1
	 1
	 0
	 0
	 0
	 0
	 1
	 1
	 0
	 0
	 1
	 1
	 1
	 0
	 0
	 1
	 1
	 0
	 0
	 1
	 1
	 0
	 0
	 1
	 0
	 1
	 1
	 0
	 1
	 0
	 1
	 1
	 0
	 0
	 0
	 1
	 1
	 1
	 1
	 0
	 1
	 1
	 0
	 0
	 0
	 0
	 0
	 0
	 1
	 0
	 0
	 0
	 1
	 0
	 0
	 0
	 1
	 1
	 0
	 0
	 1
	 1
	 0
	 0
	 0
	 0
	 1
	 1
	 1
	 0
	 1
	 1
	 0
	 0
	 0
	 0
	 0
	 1
	 0
	 1
	 0
	 0
	 0
	 1
	 1
	 0
	 0
	 1
	 0
	 1
	 0
	 0
	 1
	 1
	 0
	 1
	 0
	 1
	 1
	 0
	 0
	 1
	 0
	 1
	 0
	 0
	 0
	 1
	 0
	 1
	 0
	 0
	 0
	 1
	 0
	 0
	 0
	 0
	 0
	 0
	 1
	 0
	 0
	 1
	 0
	 0
	 0
	 1
	 1
	 0
	 1
	 1
	 0
	 1
	 0
	 1
	 0
	 0
	 1
	 1
	 0
	 0
	 0
	 1
	 0
	 1
	 1
	 1
	 0
	 1
	 1
	 0
	 1
	 0
	 1
	 1
	 0
	 1
	 0
	 1
	 1
	 1
	 0
	 1
	 0
	 0
	 1
	 1
	 1
	 0
	 0
	 0
	 1
	 0
	 0
	 1
	 0
	 1
	 0
	 1
	 0
	 1
	 1
	 1
	 1
	 0
	 0
	 0
	 0
	 0
	 1
	 1
	 0
	 1
	 0
	 0
	 0
	 0
	 1
	 0
	 0
	 1
	 0
	 1
	 1
	 0
	 1
	 1
	 0
	 0
	 1
	 0
	 0
	 1
	 0
	 0
	 0
	 0
	 1
	 0
	 0
	 0
	 1
	 1
	 0
	 0
	 0
	 0
	 0
	 0
	 1
	 1
	 1
	 0
	 0
	 1
	 1
	 1
	 0
	 1
	 1
	 0
	 1
	 0
	 0
	 0
	 1
	 0
	 1
	 0
	 1
	 1
	 0
	 0
	 1
	 0
	 1
	 1
	 1
	 0
	 1
	 0
	 1
	 1
	 1
	 0
	 0
	 1
	 1
	 1
	 0
	 1];
